HEAD
logo1=-1.83359 25.0358 11.3207/R22
logo2=12.8569 -20.4468 11.5061/B2007P&LY0
logo3=2.84877 -22.8432 11.2451/B2007PL22R
END
-11.9848 20.9145 8.90573 -0.206793 -0.8824 0.422618
-11.1083 20.8503 8.97912 -0.213053 -0.87794 0.428754
-10.253 20.95 9.11191 -0.219245 -0.873396 0.43487
-9.3435 21.2565 9.06905 -0.225369 -0.868768 0.440965
-8.40269 21.5711 8.89183 -0.231423 -0.864059 0.447041
-7.50064 21.6541 8.72674 -0.237405 -0.859269 0.453096
-6.63249 21.5575 8.57302 -0.243316 -0.854399 0.45913
-5.77652 21.3855 8.39965 -0.249152 -0.84945 0.465143
-4.94995 21.1017 8.24986 -0.254915 -0.844423 0.471135
-4.15302 20.7286 8.13499 -0.260601 -0.83932 0.477105
-3.34386 20.4163 7.99251 -0.266211 -0.834141 0.483053
-2.51091 20.1641 7.86562 -0.271744 -0.828888 0.488979
-1.68214 19.8871 7.92775 -0.287287 -0.820096 0.494883
-0.884718 19.6741 8.22652 -0.302574 -0.810978 0.500763
-0.0970809 19.6522 8.62002 -0.317595 -0.801541 0.506621
0.754138 19.5285 8.85527 -0.332344 -0.791794 0.512455
1.69653 19.4222 8.82662 -0.346814 -0.781742 0.518266
2.54174 19.041 8.76207 -0.360998 -0.771394 0.524053
3.31308 18.586 8.56738 -0.374888 -0.760759 0.529816
4.00546 18.1536 8.22501 -0.38848 -0.749843 0.535554
4.74104 17.8397 7.88838 -0.401766 -0.738656 0.541268
5.59089 17.649 7.66412 -0.41474 -0.727206 0.546957
6.38677 17.3027 7.75217 -0.427397 -0.715501 0.552621
7.20577 17.0543 7.96744 -0.424127 -0.713066 0.558259
8.04379 16.9627 8.23811 -0.420848 -0.710588 0.563872
8.87624 16.8218 8.43488 -0.417561 -0.708067 0.569459
9.7189 16.6224 8.50683 -0.414266 -0.705504 0.57502
10.5652 16.3757 8.48386 -0.410963 -0.702899 0.580554
11.4007 16.0797 8.40728 -0.407652 -0.700251 0.586061
12.2427 15.7863 8.27331 -0.404334 -0.697561 0.591542
13.1002 15.5343 8.08806 -0.401009 -0.694829 0.596995
13.9571 15.3154 7.90168 -0.397678 -0.692056 0.602421
14.7595 14.9975 8.02959 -0.39434 -0.68924 0.60782
15.5136 14.8111 8.4234 -0.390996 -0.686382 0.61319
16.1954 14.7034 8.95722 -0.408446 -0.67126 0.618532
16.8693 14.3052 9.36587 -0.42533 -0.655676 0.623846
17.6043 13.787 9.56468 -0.441638 -0.639649 0.629131
18.3474 13.1804 9.65916 -0.457355 -0.623201 0.634387
19.088 12.5937 9.68771 -0.472472 -0.606353 0.639614
19.943 12.2951 9.51781 -0.488062 -0.59044 0.642788
20.8107 12.1971 9.44427 -0.504877 -0.576128 0.642788
21.6088 12.034 9.2527 -0.521272 -0.561337 0.642788
22.3416 11.7247 8.72815 -0.537234 -0.54608 0.642788
22.8903 11.1644 8.21426 -0.55275 -0.53037 0.642788
23.338 10.4676 7.80451 -0.567806 -0.514218 0.642788
23.969 9.90759 7.40284 -0.592175 -0.485955 0.642788
24.5934 9.32818 7.56077 -0.615139 -0.456539 0.642788
25.1776 8.65726 7.51625 -0.636643 -0.426039 0.642788
25.7108 7.91618 7.30048 -0.656637 -0.394528 0.642788
25.944 7.01411 7.18747 -0.675071 -0.362081 0.642788
26.3004 6.24645 6.80039 -0.691904 -0.328775 0.642788
26.7352 5.50935 6.78216 -0.707095 -0.294688 0.642788
27.1659 4.74127 6.76408 -0.720608 -0.259902 0.642788
27.4082 3.88052 6.78116 -0.73241 -0.224499 0.642788
27.475 2.96205 6.84306 -0.742474 -0.188563 0.642788
27.5709 2.06416 6.79521 -0.750777 -0.15218 0.642788
27.7874 1.22138 6.72236 -0.756454 -0.120836 0.642788
27.9208 0.41125 7.07719 -0.760824 -0.0892837 0.642788
28.0626 -0.444834 7.22493 -0.763878 -0.0575765 0.642787
27.8343 -1.34819 7.48774 -0.765611 -0.0257699 0.642787
27.5919 -2.23655 7.56929 -0.76602 0.00608137 0.642788
27.4292 -3.09248 7.42482 -0.765105 0.0379221 0.642788
27.4432 -3.98993 7.57101 -0.762867 0.0696973 0.642788
27.4532 -4.94504 7.58203 -0.75931 0.101352 0.642788
27.2793 -5.87444 7.55481 -0.75444 0.132831 0.642788
26.8116 -6.68035 7.54524 -0.748266 0.164081 0.642788
26.3134 -7.34723 7.28896 -0.740797 0.195047 0.642788
25.9373 -8.04999 7.34183 -0.731242 0.228274 0.642788
25.8507 -8.92732 7.95186 -0.720198 0.261036 0.642788
26.0412 -9.95062 8.32538 -0.707686 0.293266 0.642788
25.8858 -10.7309 8.60433 -0.693733 0.324899 0.642788
25.2023 -11.0424 8.56067 -0.678366 0.35587 0.642788
24.3911 -11.2897 8.36798 -0.661618 0.386116 0.642788
23.6273 -11.6788 8.62126 -0.643523 0.415575 0.642788
22.8655 -12.1639 8.83587 -0.624116 0.444188 0.642788
22.1142 -12.6811 8.87857 -0.603438 0.471897 0.642788
21.3028 -13.0798 8.80908 -0.581531 0.498644 0.642788
20.5272 -13.3369 8.51084 -0.55844 0.524375 0.642788
19.7707 -13.538 8.11222 -0.535426 0.552582 0.638727
19.024 -13.9395 7.90345 -0.511601 0.580473 0.633495
18.2318 -14.255 8.15332 -0.486308 0.607311 0.628234
17.6414 -14.722 8.56935 -0.459594 0.63302 0.622944
16.9493 -15.0914 8.80585 -0.431512 0.657522 0.617626
16.0734 -15.2542 8.87701 -0.402119 0.680746 0.612279
15.0631 -15.2051 8.87254 -0.371473 0.702621 0.606904
14.1239 -15.2365 8.62666 -0.339638 0.723078 0.601501
13.2792 -15.3297 8.25213 -0.306683 0.742055 0.59607
12.5124 -15.5164 7.88647 -0.272677 0.759489 0.590612
11.7495 -15.8825 7.64231 -0.237696 0.775324 0.585127
10.9456 -16.223 7.6218 -0.224352 0.783398 0.579615
10.1423 -16.5322 7.81018 -0.21078 0.791207 0.574076
9.44598 -16.9638 8.12924 -0.196986 0.798744 0.568511
8.74599 -17.3635 8.45216 -0.182976 0.806003 0.56292
7.93444 -17.6031 8.6519 -0.168757 0.812979 0.557303
7.04368 -17.7022 8.74103 -0.154335 0.819666 0.55166
6.09207 -17.562 8.81569 -0.139715 0.826058 0.545992
5.15763 -17.4012 8.75841 -0.124906 0.832151 0.540299
4.29183 -17.3553 8.52345 -0.109914 0.83794 0.53458
3.45995 -17.5228 8.33484 -0.0947447 0.843418 0.528838
2.63286 -17.8056 8.31384 -0.0794067 0.848582 0.523071
1.79888 -18.0433 8.46421 -0.0772057 0.852327 0.51728
1.01447 -18.3714 8.70035 -0.0749798 0.856027 0.511465
0.22589 -18.6846 8.91912 -0.0727293 0.859681 0.505627
-0.606487 -18.927 9.05598 -0.0704545 0.863291 0.499765
-1.47436 -19.1021 9.13214 -0.0681559 0.866855 0.493881
-2.36497 -19.2658 9.13994 -0.0658336 0.870372 0.487973
-3.27161 -19.3975 9.11535 -0.0634882 0.873844 0.482044
-4.18328 -19.5323 9.06295 -0.0611199 0.877269 0.476092
-5.09138 -19.6727 9.00534 -0.0587292 0.880647 0.470118
-5.98593 -19.8411 8.95436 -0.0563163 0.883979 0.464123
-6.8577 -20.0485 8.92796 -0.0538818 0.887263 0.458106
-7.69724 -20.3095 8.94212 -0.0514258 0.8905 0.452068
-8.49616 -20.619 9.02264 -0.0489489 0.893689 0.44601
-9.24499 -20.9885 9.18658 -0.0464514 0.89683 0.439931
-9.93196 -21.4373 9.4449 -0.0439337 0.899922 0.433831
-10.5021 -22.0568 9.72571 -0.0413961 0.902967 0.427712
-10.938 -22.7808 9.99922 -0.038839 0.905962 0.421573
-11.3714 -23.4903 10.1449 -0.0361307 0.905587 0.422618
-11.6297 -24.3288 10.3469 -0.47718 0.770515 0.422618
-11.7854 -25.1696 10.4767 -0.794623 0.435853 0.422618
-11.5367 -25.9654 10.7495 -0.906232 -0.0117092 0.422618
-11.5012 -26.8789 10.8447 -0.893376 -0.152554 0.422618
-11.4517 -27.0528 10.882 -0.858765 -0.289685 0.422618
-11.2507 -27.9664 10.9199 -0.80324 -0.419761 0.422618
-10.9383 -28.786 10.8399 -0.685676 -0.592657 0.422618
-10.4298 -29.4942 10.753 -0.53162 -0.734012 0.422618
-9.69683 -29.99 10.7026 -0.349271 -0.836303 0.422618
-9.12716 -30.5096 10.3042 -0.148334 -0.894087 0.422618
-8.5751 -30.9568 9.77408 0.0604969 -0.904286 0.422618
-7.85695 -31.3581 9.46164 0.0633644 -0.90484 0.421009
-7.09489 -31.5841 9.19589 0.0662357 -0.905383 0.419399
-6.29051 -31.6579 9.0486 0.0691108 -0.905913 0.417787
-5.47353 -31.327 8.86472 0.0719897 -0.906431 0.416174
-4.62595 -30.9618 8.77612 0.0748721 -0.906937 0.414559
-3.75874 -30.547 8.73647 0.0777582 -0.907431 0.412943
-2.87695 -30.1412 8.73344 0.0806479 -0.907913 0.411326
-1.99123 -29.7403 8.72619 0.083541 -0.908383 0.409708
-1.11024 -29.367 8.68633 0.0864376 -0.908841 0.408088
-0.237293 -29.1005 8.61088 0.0893375 -0.909287 0.406467
0.616181 -28.9355 8.45897 0.0922408 -0.909721 0.404845
1.45142 -28.9934 8.24619 0.0951473 -0.910142 0.403222
2.245 -29.0663 7.87564 0.0980571 -0.910552 0.401597
3.07118 -28.978 7.60352 0.10097 -0.910949 0.399971
3.91947 -28.7616 7.57608 0.110949 -0.910501 0.398344
4.74699 -28.5009 7.67976 0.12093 -0.909941 0.396715
5.58764 -28.3489 7.91722 0.130911 -0.909269 0.395085
6.35322 -28.0889 8.24661 0.140892 -0.908484 0.393454
7.03142 -27.7079 8.67263 0.15087 -0.907587 0.391822
7.7971 -27.3197 9.02447 0.160845 -0.906577 0.390189
8.62654 -26.8616 9.21608 0.170816 -0.905454 0.388554
9.52625 -26.6145 9.34419 0.18078 -0.90422 0.386918
10.4637 -26.6189 9.40153 0.190737 -0.902872 0.385281
11.3807 -26.7957 9.32992 0.200686 -0.901412 0.383642
12.1815 -26.9125 9.01019 0.210625 -0.899839 0.382003
12.9362 -27.0388 8.58923 0.220552 -0.898154 0.380362
13.7532 -27.0995 8.24566 0.230467 -0.896357 0.37872
14.5514 -26.9153 7.90943 0.240368 -0.894447 0.377077
15.3763 -26.7229 7.67324 0.269007 -0.886953 0.375433
16.2399 -26.5422 7.57068 0.29741 -0.878539 0.373787
17.0344 -26.1637 7.5753 0.32555 -0.869212 0.37214
17.742 -25.688 7.77342 0.353396 -0.85898 0.370492
18.4104 -25.0168 8.02792 0.380918 -0.847854 0.368843
19.0684 -24.2271 8.26229 0.40809 -0.835842 0.367193
19.7843 -23.5607 8.47781 0.434881 -0.822957 0.365542
20.5112 -23.0162 8.56949 0.461263 -0.80921 0.363889
21.1899 -22.5983 8.4331 0.487209 -0.794615 0.362235
21.8546 -22.479 8.03973 0.512692 -0.779185 0.360581
22.5491 -22.5689 7.47888 0.537684 -0.762934 0.358925
23.2463 -22.3393 6.98967 0.562159 -0.74588 0.357268
23.9942 -21.9223 6.82415 0.586091 -0.728038 0.355609
24.6631 -21.389 7.03237 0.609455 -0.709425 0.35395
25.1219 -20.7558 7.43292 0.63159 -0.690642 0.35229
25.6533 -20.0437 7.65534 0.653144 -0.671166 0.350628
26.2704 -19.3037 7.59313 0.674095 -0.651014 0.348965
26.9532 -18.6964 7.30144 0.694422 -0.630207 0.347302
27.5929 -18.2985 6.79004 0.714104 -0.608762 0.345637
28.1182 -18.1066 6.11761 0.733121 -0.586701 0.343971
28.7051 -17.7127 5.60133 0.751454 -0.564044 0.342304
29.308 -17.1145 5.35616 0.768673 -0.540522 0.34202
29.8931 -16.4727 5.48221 0.785069 -0.516419 0.34202
30.395 -15.9738 5.98732 0.80071 -0.491819 0.34202
30.6924 -15.474 6.63788 0.81558 -0.466745 0.34202
30.9584 -14.7445 7.1173 0.829666 -0.441222 0.34202
31.1086 -13.7705 7.2883 0.842953 -0.415275 0.34202
31.4997 -12.8718 7.29117 0.855428 -0.388927 0.34202
31.9335 -12.0833 7.03939 0.864245 -0.36892 0.34202
32.3048 -11.5005 6.49117 0.872595 -0.348713 0.34202
32.6935 -11.0104 5.87795 0.880471 -0.328318 0.34202
33.032 -10.3028 5.45933 0.887871 -0.307744 0.34202
33.3248 -9.49851 5.54357 0.894791 -0.287004 0.34202
33.5358 -8.82349 6.07244 0.901226 -0.266109 0.34202
33.6072 -8.2446 6.73421 0.907173 -0.245069 0.34202
33.5561 -7.40236 7.25903 0.912629 -0.223897 0.34202
33.5548 -6.40627 7.57071 0.917591 -0.202604 0.34202
33.7606 -5.48793 7.62807 0.922057 -0.181201 0.34202
33.8134 -4.77436 7.19776 0.926023 -0.1597 0.34202
33.7766 -4.33985 6.40317 0.929488 -0.138112 0.34202
33.7402 -3.79378 5.74914 0.932449 -0.11645 0.34202
33.7534 -2.93202 5.74297 0.934906 -0.0947244 0.34202
33.7276 -2.22224 6.24146 0.937858 -0.0586973 0.34202
33.7936 -1.44263 6.72849 0.939421 -0.0225833 0.34202
33.8955 -0.45088 6.81753 0.939595 0.0135642 0.34202
33.9834 0.474917 6.5207 0.938378 0.0496915 0.34202
33.9908 1.06091 5.85233 0.935772 0.0857453 0.34202
33.9314 1.4375 5.05864 0.931782 0.121672 0.34202
33.8004 2.0213 4.40998 0.926413 0.157419 0.34202
33.7589 2.87686 4.44753 0.919673 0.192933 0.34202
33.7772 3.55863 5.00027 0.911573 0.228162 0.34202
33.6889 4.13243 5.66698 0.902123 0.263052 0.34202
33.5086 4.95493 6.13325 0.891338 0.297554 0.34202
33.3993 5.93663 6.36481 0.879235 0.331615 0.34202
33.3612 6.89326 6.28965 0.86583 0.365186 0.34202
33.2426 7.5697 5.77797 0.851144 0.398216 0.34202
33.0525 8.03296 5.04446 0.840878 0.419459 0.34202
32.7255 8.61227 4.46681 0.830083 0.440437 0.34202
32.3464 9.37886 4.47462 0.818764 0.461138 0.34202
32.0615 10.0336 4.98948 0.806928 0.481548 0.34202
31.7679 10.5126 5.6706 0.794585 0.501655 0.34202
31.3724 11.2005 6.19374 0.78174 0.521445 0.34202
30.9005 12.0103 6.44649 0.768402 0.540907 0.34202
30.6724 12.973 6.48014 0.754581 0.560027 0.34202
30.4229 13.7058 6.08587 0.740283 0.578795 0.34202
30.0761 14.139 5.37943 0.725519 0.597197 0.34202
29.6074 14.5769 4.777 0.710297 0.615224 0.34202
29.0005 15.1306 4.66628 0.694628 0.632862 0.34202
28.4726 15.6387 5.1841 0.678521 0.650102 0.34202
28.0202 15.893 5.88582 0.661986 0.666931 0.34202
27.3127 16.0908 6.46952 0.653367 0.674818 0.343121
26.4128 16.3851 6.8353 0.644511 0.682442 0.344787
25.611 16.8815 6.99549 0.635564 0.689949 0.346453
24.9694 17.4457 6.84148 0.626528 0.697335 0.348117
24.4327 17.8822 6.31886 0.617406 0.704602 0.34978
23.754 18.2382 5.92605 0.608197 0.711748 0.351442
22.9568 18.5949 5.71848 0.598904 0.718771 0.353103
22.2353 19.1049 5.78199 0.589529 0.725671 0.354763
21.6174 19.5107 6.24928 0.580073 0.732447 0.356422
21.1287 20.1545 6.8619 0.570538 0.739097 0.35808
20.4734 20.7154 7.24215 0.560926 0.745622 0.359736
19.8768 21.366 7.41821 0.551238 0.752019 0.361392
19.4286 22.1171 7.33873 0.541476 0.758289 0.363046
19.0049 22.7409 6.90123 0.531641 0.764429 0.364699
18.4411 23.2948 6.51929 0.51954 0.771923 0.366351
17.6797 23.7105 6.41278 0.507333 0.779222 0.368002
16.9781 24.0909 6.79716 0.495023 0.786327 0.369651
16.2868 24.1204 7.35293 0.482612 0.793235 0.3713
15.5973 24.2844 7.81427 0.470105 0.799945 0.372947
14.8548 24.6607 8.05881 0.457504 0.806455 0.374593
14.0778 25.1585 8.10917 0.444812 0.812765 0.376238
13.3569 25.821 8.05035 0.432033 0.818873 0.377882
12.717 26.581 7.91585 0.41917 0.824777 0.379525
12.0714 27.1675 7.65538 0.406226 0.830477 0.381166
11.3333 27.5789 7.45879 0.393205 0.835972 0.382806
10.5136 27.9062 7.46273 0.380109 0.84126 0.384445
9.64901 28.0795 7.55623 0.366943 0.846341 0.386083
8.86495 28.3951 7.82335 0.353709 0.851213 0.38772
8.06256 28.5471 8.15597 0.349077 0.852378 0.389355
7.3007 28.5203 8.59328 0.344442 0.853515 0.390989
6.46438 28.4605 8.94056 0.339803 0.854624 0.392622
5.54239 28.4746 9.12539 0.335161 0.855705 0.394254
4.62069 28.6556 9.19732 0.330516 0.856758 0.395884
3.77435 29.0725 9.19653 0.325868 0.857784 0.397513
3.00657 29.6081 9.07704 0.321217 0.858782 0.399141
2.30561 30.0987 8.77063 0.316563 0.859752 0.400768
1.65883 30.5065 8.33042 0.311907 0.860694 0.402393
0.907615 30.7852 7.98427 0.307248 0.861608 0.404017
0.0759761 30.9668 7.79152 0.302588 0.862494 0.40564
-0.805284 31.0557 7.70939 0.297925 0.863353 0.407262
-1.64279 31.3063 7.83878 0.293261 0.864184 0.408882
-2.50457 31.3571 8.04086 0.288595 0.864986 0.410501
-3.31399 31.2574 8.36358 0.283928 0.865762 0.412119
-4.18171 31.0644 8.60921 0.279259 0.866509 0.413735
-5.14133 30.7927 8.69354 0.27459 0.867228 0.41535
-6.12028 30.5926 8.68906 0.269919 0.86792 0.416964
-7.03519 30.6584 8.69043 0.265248 0.868583 0.418577
-7.82363 31.1267 8.76558 0.260576 0.869219 0.420188
-8.56414 31.6634 8.75475 0.255904 0.869827 0.421798
-9.29212 32.144 8.65238 0.251232 0.870408 0.423406
-10.1069 32.49 8.6901 0.246865 0.872039 0.422618
-10.9693 32.5241 8.85429 0.131624 0.896699 0.422618
-11.8098 32.4112 9.12204 0.0141576 0.906197 0.422618
-12.6434 32.265 9.41413 -0.103548 0.900373 0.422618
-13.4739 32.0761 9.64801 -0.219503 0.879325 0.422618
-14.267 31.7901 9.86661 -0.331747 0.843408 0.422618
-15.0018 31.3698 10.1221 -0.438381 0.793231 0.422618
-15.6208 30.778 10.4005 -0.537603 0.729642 0.422618
-16.1187 30.1349 10.6121 -0.663128 0.617782 0.422618
-16.4149 29.3165 10.516 -0.765832 0.48466 0.422618
-16.6658 28.4482 10.4213 -0.842178 0.334859 0.422618
-16.7399 27.5744 10.4184 -0.889539 0.173532 0.422618
-16.6391 26.7487 10.6522 -0.906286 0.00623375 0.422618
-16.47 25.9206 10.949 -0.891842 -0.161279 0.422618
-16.3278 25.0484 11.0411 -0.846705 -0.323242 0.422618
-16.2407 24.2014 10.9185 -0.801078 -0.423872 0.422618
-16.0602 23.4074 10.5675 -0.743546 -0.518202 0.422618
-15.6977 22.6662 10.2508 -0.674962 -0.604831 0.422618
-15.1662 22.0148 9.98336 -0.596346 -0.68247 0.422618
-14.4529 21.6171 9.60032 -0.508867 -0.749965 0.422618
-13.6864 21.3022 9.26041 -0.413825 -0.806314 0.422618
-12.8432 21.1086 8.98999 -0.312633 -0.850679 0.422618
-11.9848 20.9145 8.90573 -0.206793 -0.8824 0.422618
END
